{
  "advancedEditorSelectedIdentifier" : "ProjectBrowser",
  "openSceneRelativePaths" : [
    "Immersive.usda"
  ],
  "recentIdentifiers" : {
    "AF09ED6F-1707-48FD-8720-65B998362C09" : [

    ]
  },
  "sceneCameraHistory" : {
    "AF09ED6F-1707-48FD-8720-65B998362C09" : [
      {
        "date" : 714278775.08406901,
        "title" : "Untitled",
        "transform" : [
          1,
          0,
          0,
          0,
          0,
          0.7071068286895752,
          -0.70710676908493042,
          0,
          0,
          0.70710676908493042,
          0.7071068286895752,
          0,
          0.0097463130950927734,
          2.6970767974853516,
          0.96050369739532471,
          1
        ]
      },
      {
        "date" : 714278764.34924698,
        "title" : "Untitled",
        "transform" : [
          0.99986958503723145,
          -0.00055196695029735565,
          -0.016141070052981377,
          0,
          -0.01599881611764431,
          0.10280240327119827,
          -0.99457311630249023,
          0,
          0.0022083122748881578,
          0.99470168352127075,
          0.10278017073869705,
          0,
          0.053605899214744568,
          3.3488037586212158,
          -0.92313987016677856,
          1
        ]
      },
      {
        "date" : 714278537.92464995,
        "title" : "Untitled",
        "transform" : [
          0.99972295761108398,
          7.0551275932473345e-10,
          0.023540982976555824,
          0,
          0.01205925177782774,
          0.85882669687271118,
          -0.51212435960769653,
          0,
          -0.020217623561620712,
          0.51226633787155151,
          0.85858869552612305,
          0,
          -0.0087427441030740738,
          2.0680983066558838,
          1.4759190082550049,
          1
        ]
      },
      {
        "date" : 714278399.34095895,
        "title" : "Untitled",
        "transform" : [
          0.99959456920623779,
          5.1243520537980203e-10,
          0.028471300378441811,
          0,
          0.015191558748483658,
          0.84575307369232178,
          -0.53335815668106079,
          0,
          -0.024079691618680954,
          0.53357446193695068,
          0.84541022777557373,
          0,
          -0.019398657605051994,
          2.1293277740478516,
          1.4234049320220947,
          1
        ]
      },
      {
        "date" : 714278343.114537,
        "title" : "Untitled",
        "transform" : [
          0.99999284744262695,
          -9.1303978266843444e-11,
          -0.0037855955306440592,
          0,
          -0.0021150263492017984,
          0.82936739921569824,
          -0.55869960784912109,
          0,
          0.0031396497506648302,
          0.55870360136032104,
          0.82936149835586548,
          0,
          0.045296486467123032,
          2.188713550567627,
          1.3805959224700928,
          1
        ]
      },
      {
        "date" : 714278308.83462095,
        "title" : "Untitled",
        "transform" : [
          1,
          0,
          0,
          0,
          0,
          0.7071068286895752,
          -0.70710676908493042,
          0,
          0,
          0.70710676908493042,
          0.7071068286895752,
          0,
          0.036284178495407104,
          2.6158652305603027,
          1.041715145111084,
          1
        ]
      },
      {
        "date" : 714155040.03683805,
        "title" : "Untitled",
        "transform" : [
          1,
          0,
          0,
          0,
          0,
          0.7071068286895752,
          -0.70710676908493042,
          0,
          0,
          0.70710676908493042,
          0.7071068286895752,
          0,
          0.0088205337524414062,
          2.1433184146881104,
          1.514262318611145,
          1
        ]
      },
      {
        "date" : 714154277.90935397,
        "title" : "Untitled",
        "transform" : [
          0.99999970197677612,
          5.8200183561396557e-10,
          -0.00077147770207375288,
          0,
          -0.0003790017799474299,
          0.87100929021835327,
          -0.49126651883125305,
          0,
          0.00067196384770795703,
          0.49126660823822021,
          0.87100893259048462,
          0,
          -0.18510648608207703,
          2.4493668079376221,
          1.2889909744262695,
          1
        ]
      },
      {
        "date" : 714154276.69740403,
        "title" : "Untitled",
        "transform" : [
          0.99999970197677612,
          5.8200183561396557e-10,
          -0.00077147770207375288,
          0,
          -0.0003790017799474299,
          0.87100929021835327,
          -0.49126651883125305,
          0,
          0.00067196384770795703,
          0.49126660823822021,
          0.87100893259048462,
          0,
          -0.18512663245201111,
          2.4346287250518799,
          1.2628606557846069,
          1
        ]
      },
      {
        "date" : 714154271.42284906,
        "title" : "Untitled",
        "transform" : [
          0.99999970197677612,
          5.8200183561396557e-10,
          -0.00077147770207375288,
          0,
          -0.0003790017799474299,
          0.87100929021835327,
          -0.49126651883125305,
          0,
          0.00067196384770795703,
          0.49126660823822021,
          0.87100893259048462,
          0,
          -0.18522052466869354,
          2.3658487796783447,
          1.1409173011779785,
          1
        ]
      }
    ]
  }
}