{
  "advancedEditorSelectedIdentifier" : "ProjectBrowser",
  "openSceneRelativePaths" : [
    "Immersive.usda"
  ],
  "recentIdentifiers" : {
    "AF09ED6F-1707-48FD-8720-65B998362C09" : [

    ]
  },
  "sceneCameraHistory" : {
    "AF09ED6F-1707-48FD-8720-65B998362C09" : [
      {
        "date" : 714155040.03683805,
        "title" : "Untitled",
        "transform" : [
          1,
          0,
          0,
          0,
          0,
          0.7071068286895752,
          -0.70710676908493042,
          0,
          0,
          0.70710676908493042,
          0.7071068286895752,
          0,
          0.0088205337524414062,
          2.1433184146881104,
          1.514262318611145,
          1
        ]
      },
      {
        "date" : 714154277.90935397,
        "title" : "Untitled",
        "transform" : [
          0.99999970197677612,
          5.8200183561396557e-10,
          -0.00077147770207375288,
          0,
          -0.0003790017799474299,
          0.87100929021835327,
          -0.49126651883125305,
          0,
          0.00067196384770795703,
          0.49126660823822021,
          0.87100893259048462,
          0,
          -0.18510648608207703,
          2.4493668079376221,
          1.2889909744262695,
          1
        ]
      },
      {
        "date" : 714154276.69740403,
        "title" : "Untitled",
        "transform" : [
          0.99999970197677612,
          5.8200183561396557e-10,
          -0.00077147770207375288,
          0,
          -0.0003790017799474299,
          0.87100929021835327,
          -0.49126651883125305,
          0,
          0.00067196384770795703,
          0.49126660823822021,
          0.87100893259048462,
          0,
          -0.18512663245201111,
          2.4346287250518799,
          1.2628606557846069,
          1
        ]
      },
      {
        "date" : 714154271.42284906,
        "title" : "Untitled",
        "transform" : [
          0.99999970197677612,
          5.8200183561396557e-10,
          -0.00077147770207375288,
          0,
          -0.0003790017799474299,
          0.87100929021835327,
          -0.49126651883125305,
          0,
          0.00067196384770795703,
          0.49126660823822021,
          0.87100893259048462,
          0,
          -0.18522052466869354,
          2.3658487796783447,
          1.1409173011779785,
          1
        ]
      },
      {
        "date" : 714154268.84444904,
        "title" : "Untitled",
        "transform" : [
          0.99999970197677612,
          5.8200183561396557e-10,
          -0.00077147770207375288,
          0,
          -0.0003790017799474299,
          0.87100929021835327,
          -0.49126651883125305,
          0,
          0.00067196384770795703,
          0.49126660823822021,
          0.87100893259048462,
          0,
          -0.18522052466869354,
          2.3658487796783447,
          1.1409173011779785,
          1
        ]
      },
      {
        "date" : 714154265.46157002,
        "title" : "Untitled",
        "transform" : [
          0.99999970197677612,
          5.8200183561396557e-10,
          -0.00077147770207375288,
          0,
          -0.0003790017799474299,
          0.87100929021835327,
          -0.49126651883125305,
          0,
          0.00067196384770795703,
          0.49126660823822021,
          0.87100893259048462,
          0,
          -0.18522387742996216,
          2.3633923530578613,
          1.1365622282028198,
          1
        ]
      },
      {
        "date" : 714154255.46171105,
        "title" : "Untitled",
        "transform" : [
          0.99999970197677612,
          5.8200183561396557e-10,
          -0.00077147770207375288,
          0,
          -0.0003790017799474299,
          0.87100929021835327,
          -0.49126651883125305,
          0,
          0.00067196384770795703,
          0.49126660823822021,
          0.87100893259048462,
          0,
          -0.18522387742996216,
          2.3633923530578613,
          1.1365622282028198,
          1
        ]
      },
      {
        "date" : 714154253.89679801,
        "title" : "Untitled",
        "transform" : [
          0.99999970197677612,
          5.8200183561396557e-10,
          -0.00077147770207375288,
          0,
          -0.0003790017799474299,
          0.87100929021835327,
          -0.49126651883125305,
          0,
          0.00067196384770795703,
          0.49126660823822021,
          0.87100893259048462,
          0,
          -0.1850627064704895,
          2.4812970161437988,
          1.3456051349639893,
          1
        ]
      },
      {
        "date" : 714154248.91746998,
        "title" : "Untitled",
        "transform" : [
          0.99999970197677612,
          5.8200183561396557e-10,
          -0.00077147770207375288,
          0,
          -0.0003790017799474299,
          0.87100929021835327,
          -0.49126651883125305,
          0,
          0.00067196384770795703,
          0.49126660823822021,
          0.87100893259048462,
          0,
          -0.18336603045463562,
          3.7217435836791992,
          3.5449042320251465,
          1
        ]
      },
      {
        "date" : 714154245.01349699,
        "title" : "Untitled",
        "transform" : [
          0.99999970197677612,
          5.8200183561396557e-10,
          -0.00077147770207375288,
          0,
          -0.0003790017799474299,
          0.87100929021835327,
          -0.49126651883125305,
          0,
          0.00067196384770795703,
          0.49126660823822021,
          0.87100893259048462,
          0,
          -0.00021502841264009476,
          3.3830289840698242,
          3.7358050346374512,
          1
        ]
      }
    ]
  }
}